# k Energy
# Emax = 1.224744871391589
# Emin = -1.224744871391589
# shifted by fermi energy = 0.0

 0.000000000000000 -1.224744871391589
 0.062831853071796 -1.224207697091816
 0.125663706143592 -1.222596881318471
 0.188495559215388 -1.219914546386669
 0.251327412287183 -1.216164232639828
 0.314159265358979 -1.211350903274289
 0.376991118430775 -1.205480951291019
 0.439822971502571 -1.198562208777951
 0.502654824574367 -1.190603958793985
 0.565486677646163 -1.181616950200590
 0.628318530717959 -1.171613415871449
 0.691150383789754 -1.160607094807365
 0.753982236861550 -1.148613258795553
 0.816814089933346 -1.135648744383194
 0.879645943005142 -1.121731991088986
 0.942477796076938 -1.106883086958592
 1.005309649148734 -1.091123822786701
 1.068141502220530 -1.074477756587424
 1.130973355292326 -1.056970290205318
 1.193805208364122 -1.038628760332480
 1.256637061435917 -1.019482546646401
 1.319468914507713 -0.999563200324640
 1.382300767579509 -0.978904596844767
 1.445132620651305 -0.957543117763479
 1.507964473723101 -0.935517867112226
 1.570796326794897 -0.912870929175277
 1.633628179866693 -0.889647675757352
 1.696460032938489 -0.865897132626309
 1.759291886010285 -0.841672416646079
 1.822123739082081 -0.817031257188750
 1.884955592153877 -0.792036617682564
 1.947787445225673 -0.766757435488487
 2.010619298297469 -0.741269500444981
 2.073451151369265 -0.715656493902992
 2.136283004441061 -0.690011210064012
 2.199114857512857 -0.664436978555291
 2.261946710584652 -0.639049299220496
 2.324778563656448 -0.613977683672249
 2.387610416728244 -0.589367668256179
 2.450442269800040 -0.565382912855946
 2.513274122871836 -0.542207220918997
 2.576105975943632 -0.520046199548966
 2.638937829015428 -0.499128119795667
 2.701769682087224 -0.479703344115910
 2.764601535159020 -0.462041494609700
 2.827433388230816 -0.446425420202783
 2.890265241302612 -0.433141115474213
 2.953097094374408 -0.422463212813701
 3.015928947446204 -0.414636627008535
 3.078760800518000 -0.409856293166055
 3.141592653589796 -0.408248290463863

 3.141592653589796 -0.408248290463863
 3.190069036164505 -0.408069219270933
 3.238545418739213 -0.407532084238688
 3.287021801313922 -0.406637120972305
 3.335498183888631 -0.405384722032251
 3.383974566463340 -0.403775436762094
 3.432450949038048 -0.401809971047540
 3.480927331612757 -0.399489187006812
 3.529403714187466 -0.396814102612492
 3.577880096762175 -0.393785891245007
 3.626356479336883 -0.390405881177948
 3.674832861911592 -0.386675554995439
 3.723309244486301 -0.382596548941833
 3.771785627061010 -0.378170652203997
 3.820262009635718 -0.373399806126519
 3.868738392210427 -0.368286103360164
 3.917214774785136 -0.362831786943977
 3.965691157359845 -0.357039249321403
 4.014167539934554 -0.350911031290890
 4.062643922509262 -0.344449820891406
 4.111120305083971 -0.337658452223375
 4.159596687658680 -0.330539904205554
 4.208073070233389 -0.323097299268373
 4.256549452808097 -0.315333901984337
 4.305025835382806 -0.307253117636078
 4.353502217957515 -0.298858490722684
 4.401978600532224 -0.290153703404965
 4.450454983106932 -0.281142573890332
 4.498931365681641 -0.271829054758013
 4.547407748256350 -0.262217231225313
 4.595884130831059 -0.252311319355707
 4.644360513405767 -0.242115664209535
 4.692836895980476 -0.231634737938114
 4.741313278555185 -0.220873137822104
 4.789789661129894 -0.209835584254990
 4.838266043704603 -0.198526918672561
 4.886742426279311 -0.186952101429297
 4.935218808854020 -0.175116209622592
 4.983695191428729 -0.163024434865771
 5.032171574003438 -0.150682081010881
 5.080647956578146 -0.138094561822241
 5.129124339152855 -0.125267398601788
 5.177600721727564 -0.112206217767252
 5.226077104302273 -0.098916748384224
 5.274553486876981 -0.085404819653196
 5.323029869451690 -0.071676358352682
 5.371506252026399 -0.057737386239540
 5.419982634601108 -0.043594017407625
 5.468459017175817 -0.029252455605949
 5.516935399750525 -0.014718991517513
 5.565411782325234 -0.000000000000000

 5.565411782325234 -0.000000000000000
 5.647295583766235 -0.029968661831124
 5.729179385207236 -0.060600954671152
 5.811063186648237 -0.091843139069519
 5.892946988089238 -0.123640405618624
 5.974830789530239 -0.155936971108156
 6.056714590971240 -0.188676176387801
 6.138598392412241 -0.221800585766642
 6.220482193853242 -0.255252087774876
 6.302365995294243 -0.288971997111087
 6.384249796735245 -0.322901157596195
 6.466133598176246 -0.356980045953503
 6.548017399617247 -0.391148876232749
 6.629901201058248 -0.425347704694977
 6.711785002499249 -0.459516534974223
 6.793668803940250 -0.493595423331531
 6.875552605381251 -0.527524583816639
 6.957436406822252 -0.561244493152850
 7.039320208263253 -0.594695995161085
 7.121204009704254 -0.627820404539925
 7.203087811145255 -0.660559609819570
 7.284971612586256 -0.692856175309103
 7.366855414027257 -0.724653441858208
 7.448739215468258 -0.755895626256574
 7.530623016909259 -0.786527919096602
 7.612506818350260 -0.816496580927726
 7.694390619791261 -0.845749036533675
 7.776274421232262 -0.874233967167266
 7.858158222673263 -0.901901400580922
 7.940042024114264 -0.928702798694978
 8.021925825555265 -0.954591142749967
 8.103809626996265 -0.979521015793497
 8.185693428437265 -1.003448682357023
 8.267577229878265 -1.026332165182716
 8.349461031319265 -1.048131318865840
 8.431344832760265 -1.068807900283433
 8.513228634201266 -1.088325635685739
 8.595112435642266 -1.106650284332691
 8.676996237083266 -1.123749698563804
 8.758880038524266 -1.139593880196099
 8.840763839965266 -1.154155033151102
 8.922647641406266 -1.167407612218617
 9.004531442847266 -1.179328367871703
 9.086415244288267 -1.189896387054245
 9.168299045729267 -1.199093129869559
 9.250182847170267 -1.206902462105674
 9.332066648611267 -1.213310683540217
 9.413950450052267 -1.218306551975266
 9.495834251493267 -1.221881302959977
 9.577718052934268 -1.224028665166414
 9.659601854375268 -1.224744871391589

 0.000000000000000  1.224744871391589
 0.062831853071796  1.224207697091816
 0.125663706143592  1.222596881318471
 0.188495559215388  1.219914546386669
 0.251327412287183  1.216164232639828
 0.314159265358979  1.211350903274289
 0.376991118430775  1.205480951291019
 0.439822971502571  1.198562208777951
 0.502654824574367  1.190603958793985
 0.565486677646163  1.181616950200590
 0.628318530717959  1.171613415871449
 0.691150383789754  1.160607094807365
 0.753982236861550  1.148613258795553
 0.816814089933346  1.135648744383194
 0.879645943005142  1.121731991088986
 0.942477796076938  1.106883086958592
 1.005309649148734  1.091123822786701
 1.068141502220530  1.074477756587424
 1.130973355292326  1.056970290205318
 1.193805208364122  1.038628760332480
 1.256637061435917  1.019482546646401
 1.319468914507713  0.999563200324640
 1.382300767579509  0.978904596844767
 1.445132620651305  0.957543117763479
 1.507964473723101  0.935517867112226
 1.570796326794897  0.912870929175277
 1.633628179866693  0.889647675757352
 1.696460032938489  0.865897132626309
 1.759291886010285  0.841672416646079
 1.822123739082081  0.817031257188750
 1.884955592153877  0.792036617682564
 1.947787445225673  0.766757435488487
 2.010619298297469  0.741269500444981
 2.073451151369265  0.715656493902992
 2.136283004441061  0.690011210064012
 2.199114857512857  0.664436978555291
 2.261946710584652  0.639049299220496
 2.324778563656448  0.613977683672249
 2.387610416728244  0.589367668256179
 2.450442269800040  0.565382912855946
 2.513274122871836  0.542207220918997
 2.576105975943632  0.520046199548966
 2.638937829015428  0.499128119795667
 2.701769682087224  0.479703344115910
 2.764601535159020  0.462041494609700
 2.827433388230816  0.446425420202783
 2.890265241302612  0.433141115474213
 2.953097094374408  0.422463212813701
 3.015928947446204  0.414636627008535
 3.078760800518000  0.409856293166055
 3.141592653589796  0.408248290463863

 3.141592653589796  0.408248290463863
 3.190069036164505  0.408069219270933
 3.238545418739213  0.407532084238688
 3.287021801313922  0.406637120972305
 3.335498183888631  0.405384722032251
 3.383974566463340  0.403775436762094
 3.432450949038048  0.401809971047540
 3.480927331612757  0.399489187006812
 3.529403714187466  0.396814102612492
 3.577880096762175  0.393785891245007
 3.626356479336883  0.390405881177948
 3.674832861911592  0.386675554995439
 3.723309244486301  0.382596548941833
 3.771785627061010  0.378170652203997
 3.820262009635718  0.373399806126519
 3.868738392210427  0.368286103360164
 3.917214774785136  0.362831786943977
 3.965691157359845  0.357039249321403
 4.014167539934554  0.350911031290890
 4.062643922509262  0.344449820891406
 4.111120305083971  0.337658452223375
 4.159596687658680  0.330539904205554
 4.208073070233389  0.323097299268373
 4.256549452808097  0.315333901984337
 4.305025835382806  0.307253117636078
 4.353502217957515  0.298858490722684
 4.401978600532224  0.290153703404965
 4.450454983106932  0.281142573890332
 4.498931365681641  0.271829054758013
 4.547407748256350  0.262217231225313
 4.595884130831059  0.252311319355707
 4.644360513405767  0.242115664209535
 4.692836895980476  0.231634737938114
 4.741313278555185  0.220873137822104
 4.789789661129894  0.209835584254990
 4.838266043704603  0.198526918672561
 4.886742426279311  0.186952101429297
 4.935218808854020  0.175116209622592
 4.983695191428729  0.163024434865771
 5.032171574003438  0.150682081010881
 5.080647956578146  0.138094561822241
 5.129124339152855  0.125267398601788
 5.177600721727564  0.112206217767252
 5.226077104302273  0.098916748384224
 5.274553486876981  0.085404819653196
 5.323029869451690  0.071676358352682
 5.371506252026399  0.057737386239540
 5.419982634601108  0.043594017407625
 5.468459017175817  0.029252455605949
 5.516935399750525  0.014718991517513
 5.565411782325234  0.000000000000000

 5.565411782325234  0.000000000000000
 5.647295583766235  0.029968661831124
 5.729179385207236  0.060600954671152
 5.811063186648237  0.091843139069519
 5.892946988089238  0.123640405618624
 5.974830789530239  0.155936971108156
 6.056714590971240  0.188676176387801
 6.138598392412241  0.221800585766642
 6.220482193853242  0.255252087774876
 6.302365995294243  0.288971997111087
 6.384249796735245  0.322901157596195
 6.466133598176246  0.356980045953503
 6.548017399617247  0.391148876232749
 6.629901201058248  0.425347704694977
 6.711785002499249  0.459516534974223
 6.793668803940250  0.493595423331531
 6.875552605381251  0.527524583816639
 6.957436406822252  0.561244493152850
 7.039320208263253  0.594695995161085
 7.121204009704254  0.627820404539925
 7.203087811145255  0.660559609819570
 7.284971612586256  0.692856175309103
 7.366855414027257  0.724653441858208
 7.448739215468258  0.755895626256574
 7.530623016909259  0.786527919096602
 7.612506818350260  0.816496580927726
 7.694390619791261  0.845749036533675
 7.776274421232262  0.874233967167266
 7.858158222673263  0.901901400580922
 7.940042024114264  0.928702798694978
 8.021925825555265  0.954591142749967
 8.103809626996265  0.979521015793497
 8.185693428437265  1.003448682357023
 8.267577229878265  1.026332165182716
 8.349461031319265  1.048131318865840
 8.431344832760265  1.068807900283433
 8.513228634201266  1.088325635685739
 8.595112435642266  1.106650284332691
 8.676996237083266  1.123749698563804
 8.758880038524266  1.139593880196099
 8.840763839965266  1.154155033151102
 8.922647641406266  1.167407612218617
 9.004531442847266  1.179328367871703
 9.086415244288267  1.189896387054245
 9.168299045729267  1.199093129869559
 9.250182847170267  1.206902462105674
 9.332066648611267  1.213310683540217
 9.413950450052267  1.218306551975266
 9.495834251493267  1.221881302959977
 9.577718052934268  1.224028665166414
 9.659601854375268  1.224744871391589

